2 0.5 0.24733333333333332 1 0.4946814814814815
10 0.19699259259259258 0.08934814814814815 0.030903703703703704 0.0685925925925926
10 0.28 0.08275555555555555 0.03628148148148148 0.06386666666666667
10 0.39134814814814817 0.07054814814814814 0.031022222222222225 0.07038518518518518
10 0.48235555555555554 0.06594074074074074 0.03574814814814815 0.0668
6 0.4939111111111111 0.5141333333333333 0.8673333333333334 0.6467999999999999
10 0.4816592592592593 0.1648 0.03715555555555555 0.05065185185185185
10 0.3946814814814815 0.17152592592592592 0.032044444444444445 0.05001481481481481
10 0.2024296296296296 0.17964444444444444 0.030266666666666667 0.046562962962962966
10 0.2814814814814815 0.17567407407407407 0.030770370370370368 0.044251851851851855
5 0.7953185185185185 0.3486962962962963 0.28583703703703706 0.3569777777777778
10 0.8039703703703703 0.08577777777777777 0.30315555555555557 0.17154074074074074
