2 0.5 0.3962666666666667 1 0.5023111111111112
6 0.5157925925925926 0.501362962962963 0.8172444444444444 0.4900296296296296
5 0.46939259259259253 0.5485481481481481 0.16875555555555555 0.21637037037037038
10 0.23721481481481482 0.27416296296296294 0.03397037037037037 0.07653333333333333
10 0.4730074074074074 0.25245925925925927 0.041274074074074074 0.07402962962962963
10 0.5561037037037037 0.2528444444444444 0.03908148148148148 0.08201481481481482
10 0.7081481481481482 0.24087407407407407 0.028014814814814815 0.07971851851851852
10 0.7610074074074074 0.22737777777777776 0.04474074074074074 0.09361481481481482
10 0.8048 0.23158518518518517 0.0337037037037037 0.08518518518518518
10 0.857111111111111 0.23410370370370373 0.025274074074074074 0.07579259259259259
10 0.9474962962962962 0.24891851851851854 0.1050074074074074 0.030844444444444445
