2 0.4169196428571429 0.33401785714285714 0.8338392857142858 0.6680357142857143
10 0.44290178571428573 0.12578869047619048 0.09366071428571428 0.11273809523809525
10 0.6194345238095238 0.14075892857142858 0.04944940476190476 0.1374404761904762
10 0.7342410714285714 0.19741071428571427 0.03602678571428571 0.10962797619047619
6 0.5018154761904763 0.5847916666666667 0.8857440476190477 0.6126041666666667
10 0.24316964285714285 0.27508928571428576 0.12016369047619048 0.11339285714285714
10 0.4873958333333333 0.2840625 0.08071428571428571 0.10258928571428572
10 0.18525297619047618 0.5786011904761905 0.12194940476190477 0.16898809523809524
5 0.5717410714285714 0.5754017857142857 0.09257440476190476 0.1730357142857143
10 0.7932142857142856 0.5170833333333333 0.041607142857142856 0.16616071428571427
10 0.8783928571428571 0.5163690476190477 0.044687500000000005 0.11770833333333333
3 0.8920833333333333 0.6501041666666667 0.21581845238095237 0.17086309523809523
