2 0.6984531590413943 0.10471544715447155 0.5661437908496733 0.16514227642276422
6 0.30163398692810456 0.5029573170731707 0.5610893246187364 0.22652439024390245
2 0.29995642701525055 0.43572154471544716 0.5569498910675381 0.16701219512195123
10 0.5300653594771242 0.06386178861788618 0.08788671023965143 0.035315040650406505
10 0.8131372549019609 0.07663617886178861 0.09355119825708061 0.02513211382113821
6 0.7013289760348584 0.1853150406504065 0.32516339869281047 0.11380081300813008
5 0.6937254901960784 0.15519308943089433 0.10875816993464053 0.07315040650406504
5 0.37793028322440086 0.4549390243902439 0.0659041394335512 0.0820020325203252
10 0.46738562091503266 0.36620934959349594 0.05930283224400871 0.028699186991869918
10 0.5445315904139434 0.36911585365853655 0.044248366013071895 0.03143292682926829
10 0.24082788671023966 0.3693292682926829 0.05784313725490196 0.029288617886178862
10 0.11620915032679739 0.36988821138211386 0.05052287581699347 0.02476626016260163
10 0.14104575163398692 0.4560060975609756 0.13647058823529412 0.05593495934959349
10 0.544640522875817 0.46292682926829265 0.04041394335511983 0.028404471544715447
6 0.7009586056644881 0.8401626016260163 0.5597385620915033 0.22377032520325202
