6 0.514775 0.37439999999999996 0.9704499999999999 0.7242562499999999
2 0.6199916666666667 0.39223125000000003 0.376525 0.14236875
2 0.22314166666666665 0.2474875 0.4462833333333333 0.49496875
10 0.7145666666666667 0.3832625 0.012966666666666666 0.020175000000000002
10 0.7278166666666667 0.3816875 0.011708333333333334 0.01701875
10 0.7433583333333333 0.37931875 0.0096 0.01615
10 0.5452666666666667 0.38366875 0.008458333333333333 0.011275
10 0.5751833333333334 0.38363125 0.006583333333333333 0.01274375
10 0.6113166666666667 0.38503125 0.010975 0.01555
10 0.314125 0.33956875 0.02950833333333333 0.0434
10 0.2554166666666667 0.33921875 0.027266666666666665 0.042699999999999995
10 0.44725000000000004 0.38051250000000003 0.011925 0.0203875
