2 0.4497090909090909 0.3078688524590164 0.4923030303030303 0.32098360655737707
10 0.32551515151515154 0.2795446265938069 0.02109090909090909 0.05540983606557377
10 0.3766424242424243 0.2808743169398907 0.017624242424242424 0.044626593806921674
10 0.4375151515151515 0.28828779599271404 0.021757575757575757 0.04604735883424408
10 0.5456121212121212 0.2851912568306011 0.022084848484848485 0.04207650273224044
10 0.6081090909090909 0.2832969034608379 0.01753939393939394 0.05398907103825137
10 0.6583878787878787 0.2807650273224043 0.019842424242424245 0.04890710382513661
5 0.49225454545454544 0.28885245901639345 0.03 0.04493624772313297
6 0.4962666666666667 0.5380145719489982 0.6636606060606061 0.39794171220400726
10 0.25836363636363635 0.3743169398907104 0.02901818181818182 0.05956284153005465
10 0.3252242424242424 0.3787978142076503 0.014812121212121212 0.06304189435336977
10 0.37431515151515155 0.3717668488160291 0.01621818181818182 0.057194899817850635
10 0.6103515151515152 0.38278688524590165 0.0172 0.06005464480874317
10 0.6611878787878788 0.37899817850637524 0.018436363636363636 0.055191256830601096
10 0.7276969696969697 0.3849908925318762 0.025515151515151515 0.07174863387978142
