3 0.9620888888888889 0.602637037037037 0.07582222222222222 0.04616296296296296
6 0.4612740740740741 0.5036 0.9225481481481482 0.4630666666666667
3 0.8910814814814815 0.602637037037037 0.06334814814814814 0.04616296296296296
3 0.8286370370370371 0.6061185185185185 0.0726074074074074 0.03922962962962963
3 0.7640888888888889 0.6045333333333334 0.054518518518518515 0.03607407407407408
3 0.7169925925925926 0.6052148148148148 0.06672592592592592 0.030503703703703703
3 0.672562962962963 0.6039111111111111 0.05884444444444444 0.03943703703703704
3 0.5823407407407407 0.6032740740740741 0.11432592592592593 0.04742222222222222
3 0.4886666666666667 0.6074814814814815 0.07038518518518518 0.0326962962962963
3 0.3773185185185185 0.604474074074074 0.10444444444444445 0.04057777777777778
3 0.3165037037037037 0.6066814814814815 0.06838518518518517 0.04037037037037037
