2 0.5341111111111111 0.4174603174603175 0.5587666666666666 0.5071428571428571
5 0.5028333333333334 0.5760119047619048 0.06686666666666667 0.14148809523809525
10 0.3968444444444445 0.4061904761904762 0.017877777777777777 0.0860515873015873
10 0.44312222222222225 0.41242063492063497 0.01358888888888889 0.1032936507936508
10 0.5007555555555555 0.40865079365079365 0.0416 0.11083333333333333
10 0.5541888888888888 0.4129960317460318 0.020433333333333335 0.10444444444444445
10 0.6193111111111111 0.4106944444444445 0.057777777777777775 0.09988095238095239
6 0.12686666666666668 0.6689880952380952 0.11121111111111112 0.254047619047619
6 0.8578111111111111 0.677936507936508 0.0973888888888889 0.27865079365079365
6 0.3131666666666667 0.6286904761904762 0.12612222222222222 0.37410714285714286
6 0.6842111111111111 0.626031746031746 0.12285555555555555 0.38551587301587303
