2 0.25427027027027027 0.3778186274509804 0.4414954954954955 0.15096813725490196
2 0.18115315315315317 0.7417401960784313 0.2915675675675676 0.17371323529411764
10 0.3812792792792793 0.31583333333333335 0.02481081081081081 0.024399509803921568
10 0.4303243243243243 0.31573529411764706 0.02163963963963964 0.028504901960784316
6 0.25273873873873876 0.45754901960784317 0.3595675675675676 0.2066421568627451
10 0.38284684684684683 0.36689950980392155 0.02163963963963964 0.03181372549019608
10 0.43039639639639643 0.369546568627451 0.01863063063063063 0.028480392156862742
6 0.2269189189189189 0.8420220588235294 0.39969369369369373 0.15332107843137255
10 0.07868468468468469 0.7578799019607843 0.01145945945945946 0.030245098039215684
10 0.08019819819819819 0.6899387254901961 0.011315315315315315 0.021360294117647057
10 0.1314054054054054 0.6899387254901961 0.012468468468468469 0.021360294117647057
6 0.7126306306306306 0.44917892156862743 0.3488828828828829 0.2135906862745098
6 0.7095315315315316 0.8605514705882353 0.5104144144144144 0.19253676470588238
