6 0.5163063063063064 0.6289862542955327 0.9036808236808236 0.7420446735395189
2 0.5224967824967826 0.268213058419244 0.5527155727155727 0.2370103092783505
10 0.514054054054054 0.3161855670103093 0.021776061776061777 0.08994845360824742
5 0.547091377091377 0.31463917525773194 0.03194337194337194 0.09104810996563574
10 0.5733204633204634 0.3107044673539519 0.015353925353925353 0.07898625429553265
10 0.6307850707850708 0.3143470790378007 0.03492921492921493 0.07967353951890034
10 0.6927670527670527 0.3118384879725086 0.029021879021879023 0.07469072164948454
10 0.7288288288288288 0.3019243986254295 0.027142857142857142 0.07460481099656358
10 0.7561776061776061 0.30103092783505153 0.012792792792792792 0.06841924398625429
10 0.4196782496782496 0.2970790378006873 0.04016731016731017 0.03639175257731959
10 0.2731016731016731 0.284914089347079 0.015006435006435007 0.042783505154639176
10 0.31087516087516087 0.2811340206185567 0.02314028314028314 0.04836769759450171
10 0.3556756756756757 0.2813230240549828 0.01574002574002574 0.04
10 0.35377091377091374 0.35025773195876286 0.030012870012870015 0.04176975945017182
10 0.27893178893178894 0.3519415807560138 0.016795366795366796 0.0363745704467354
10 0.311994851994852 0.35125429553264603 0.025379665379665378 0.043762886597938144
