2 0.5 0.20993620414673045 1 0.4198724082934609
10 0.39644536652835405 0.020797448165869217 0.07889349930843707 0.041594896331738435
10 0.5499585062240664 0.020079744816586923 0.0484508990318119 0.04014354066985646
10 0.6777731673582296 0.021515151515151515 0.04681881051175657 0.04304625199362041
10 0.9114522821576764 0.02441786283891547 0.07986168741355464 0.04883572567783094
6 0.5141217150760719 0.5590909090909091 0.597911479944675 0.6636682615629984
10 0.5452420470262793 0.18810207336523124 0.29677731673582297 0.08671451355661881
5 0.5660442600276625 0.32218500797448163 0.09674965421853389 0.17508771929824563
10 0.9253803596127247 0.146140350877193 0.14922544951590594 0.04309409888357257
10 0.1360442600276625 0.13730462519936204 0.17221300138312587 0.0636682615629984
