2 0.5 0.2750373692077728 1 0.5500896860986547
6 0.5086430678466077 0.6267414050822123 0.8321238938053097 0.33789237668161437
3 0.7392330383480826 0.4862630792227205 0.3599557522123894 0.2504334828101644
10 0.02299410029498525 0.20364723467862483 0.0459882005899705 0.14585949177877428
10 0.20585545722713863 0.1709865470852018 0.09622418879056047 0.1051270553064275
10 0.3977138643067846 0.15801195814648727 0.1587463126843658 0.1589985052316891
10 0.3641740412979351 0.4350523168908819 0.05227138643067846 0.1910014947683109
5 0.42451327433628316 0.4413303437967115 0.06383480825958703 0.2035575485799701
10 0.4838790560471976 0.4329596412556053 0.05529498525073746 0.18681614349775785
10 0.023141592920353983 0.4085351270553064 0.042935103244837756 0.1072645739910314
