2 0.5 0.22115555555555555 1 0.4423259259259259
10 0.7317481481481481 0.039659259259259255 0.0638962962962963 0.07933333333333333
10 0.8048888888888889 0.037896296296296296 0.04059259259259259 0.07577777777777778
6 0.5663703703703704 0.49780740740740737 0.7845777777777778 0.8260888888888889
10 0.5608000000000001 0.0568 0.0936 0.11361481481481481
10 0.34177777777777774 0.04797037037037037 0.03022222222222222 0.07217777777777777
10 0.39789629629629625 0.04488888888888889 0.04097777777777778 0.07124444444444444
10 0.2267111111111111 0.05228148148148148 0.04986666666666666 0.04699259259259259
10 0.2293777777777778 0.12896296296296295 0.054000000000000006 0.05205925925925926
5 0.05848888888888888 0.060844444444444444 0.03863703703703703 0.07714074074074075
10 0.10277037037037037 0.06008888888888889 0.05176296296296296 0.05739259259259259
10 0.10152592592592592 0.13842962962962962 0.05188148148148149 0.04494814814814815
10 0.015837037037037035 0.06133333333333333 0.03168888888888889 0.05727407407407407
10 0.35934814814814814 0.1685185185185185 0.07315555555555556 0.08171851851851851
10 0.7245925925925927 0.15035555555555555 0.05691851851851852 0.08964444444444444
10 0.8618962962962963 0.1323851851851852 0.06613333333333334 0.09011851851851851
