6 0.24787878787878787 0.302367941712204 0.10103030303030303 0.2695264116575592
6 0.5130787878787879 0.2056648451730419 0.28984242424242423 0.2883788706739526
6 0.8414424242424243 0.27845173041894355 0.11791515151515151 0.17892531876138434
6 0.8463515151515152 0.8328415300546449 0.2202909090909091 0.17132969034608378
6 0.4943515151515151 0.8243351548269581 0.2611878787878788 0.12814207650273224
6 0.17435151515151515 0.88551912568306 0.23607272727272727 0.1743351548269581
2 0.1631030303030303 0.6514571948998178 0.3262181818181818 0.35863387978142075
10 0.13046060606060605 0.7055191256830601 0.20118787878787878 0.10907103825136613
2 0.7976121212121212 0.746247723132969 0.21112727272727275 0.2204007285974499
10 0.8339878787878787 0.7219125683060109 0.03618181818181818 0.05134790528233151
10 0.20855757575757575 0.04058287795992714 0.1549939393939394 0.08116575591985428
